<<<<<<< HEAD
((("get_cmap" .
   [0 0 0 0 0 0 0 1])
  ("pic1_ent" .
   [1 0 0 0 0 0 0 0])
  ("pic1_eq" .
   [1 0 0 0 0 0 0])
  ("subplot" .
=======
((("method" .
   [1 0 0 0 0 0])
  ("sigma_k" .
   [1 0 0 0 0 0 1])
  ("cat_id1" .
   [1 0 0 0 0 0 0])
  ("cat1" .
   [1 0 0 0])
  ("cat_id2" .
   [1 0 0 0 0 0 0])
  ("cat2" .
   [1 0 0 0])
  ("extract_cats" .
   [0 0 0 0 0 0 0 0 2 0 0 0])
  ("times2" .
   [1 0 0 0 0 0])
  ("x2" .
   [2 0])
  ("Xd2" .
   [1 0 0])
  ("start2" .
   [2 0 0 0 0 0])
  ("cat_id" .
   [0 0 0 0 1 0])
  ("xi" .
   [1 0])
  ("x1" .
   [4 0])
  ("Xd1" .
   [1 0 0])
  ("steps" .
   [1 0 0 0 0])
  ("end1" .
   [1 0 0 0])
  ("end2" .
   [2 0 0 0])
  ("calib_data" .
   [1 0 0 0 0 0 0 0 0 0])
  ("file_name" .
   [0 0 0 0 0 0 0 0 2])
  ("calib_dir" .
   [1 0 0 0 0 0 0 0 2])
  ("listdir" .
>>>>>>> e0bcf11e75bf6d8f67308004407b6814cdaf63d3
   [1 0 0 0 0 0 0])
  ("corrmat0" .
   [1 0 0 0 0 0 0 0])
  ("i" .
   [1])
  ("p21" .
   [1 0 0])
  ("p20" .
   [1 0 0])
  ("corrcoef" .
   [0 0 0 0 0 0 0 1])
  ("j" .
   [1])
  ("p2" .
   [2 0])
  ("len" .
   [1 0 0])
  ("m2" .
   [1 0])
  ("n1" .
   [2 0])
  ("p1" .
   [1 0])
  ("pi" .
   [1 0])
  ("org-mode-hook" .
   [0 0 0 0 0 0 0 0 1 0 0 0 0])
  ("test" .
   [1 0 0 0])
  ("x" .
   [1])
  ("minimize" .
   [0 0 0 0 1 0 0 0])
  ("optimize" .
   [0 0 0 0 1 0 0 0])
  ("import" .
   [0 0 0 0 1 0])
  ("scipy" .
   [0 0 0 0 2])
  ("python-cell-mode" .
   [0 0 0 0 0 0 0 0 1 0 0 0 0 0 0 0])
  ("lambda" .
   [0 0 0 1 0 0])
  ("python-mode-hook" .
   [0 0 0 0 0 0 0 0 0 0 0 1 0 0 0 0])
  ("add-hook" .
   [0 0 0 0 0 0 0 1])
  ("python-cell" .
   [0 0 0 0 0 0 1 0 0 0 0])
  ("PASSWORD" .
   [0 0 0 1 0 0 0 0])
  ("USER" .
   [0 1 0 0])
  ("DB_NAME" .
   [0 0 1 0 0 0 0])
  ("PORT" .
   [0 1 0 0])
  ("SERVER" .
   [0 0 1 0 0 0])
  ("prelude-require-package" .
   [0 0 0 3 0 0 0 0 0 0 0 0 0 0 0 0 0 0 0 0 0 0 0])
  ("require" .
   [0 0 0 1 2 0 0])
  ("auto-complete-mode" .
   [0 0 0 0 1 0 0 0 1 0 0 0 0 0 0 0 0 1])
  ("jedi:ac-setup" .
   [0 0 1 0 0 0 0 1 0 0 1 0 0])
  ("poly" .
   [2 0 0 0])
  ("polyfit" .
   [1 0 0 0 0 0 1])
  ("yhat" .
   [0 0 0 1])
  ("h_width" .
   [0 0 0 0 0 0 1])
  ("v_offset" .
   [1 0 1 0 0 1 0 0])
  ("append" .
   [1 0 0 0 0 0])
  ("X1" .
   [3 0])
  ("prob_to_store" .
   [0 0 0 0 0 1 0 0 0 0 0 0 0])
  ("f" .
   [1])
  ("pic" .
   [1 0 0])
  ("plot" .
   [1 0 0 0])
  ("pic2" .
   [2 0 0 0])
  ("i1" .
   [1 0])
  ("i2" .
   [1 0])
  ("pic1" .
   [1 0 0 0])
  ("rank" .
   [1 0 0 0])))
